






                                   78998898888887
                              8666755666776756688767
                       77766433345755546666456768999776
                   5766653555687978523445326546556755757
                 6456766565363586576854655565578788997764775
               635558878956867721799678777987767777898667678887
             7534569978877798631576488678754566567678876445357788
            8521567576349898511345356878654466577665333333444566877
          67522455466446753112233446648973568886544654444232334775676
         85323334334422211112222275784577548875756632333132422377544467
        64234334422334221213121268578546747675754564425534242346687435486
      77333434213455422111221225425575647548676645445664343413466888644568
     7313333332343311111111223221318446335356478667553244452444557965433468
     72322221231111133223222321121243122112257564654467565354655554331322448
    6322321122322322333222233111121241111212434465554554646666432233221222447
    33221111221221332222233311111121221211113332343444355556765431111111223337
   44211121112112223432211111111112121112121143333444446555778754221111111222356
  74512111111112222111111121111111211211122213424444555666666786431111111111221246
   53211111111111211111111121111111222211332134335445556666667885411211111111253334
    51221111122222111111122111111112211123311443445555566666668874311111111112355442
    63231121122222111211211111121221232233214445445455666666667875311211111111337554
    72231112311221112111111121121112322444344554465655666666677775322211111111655934
     5222111133222221111111221122334433444444345554556677777777786521121111111893836
     6442111111122112221111211123345666655444555556666777777777886641111111114745444
     6793111111221111111112111111111111122345566666666555666568886651111111125552453
      66721111112221112111112344333222211122355566543221111112236855111111124325325
        41111111121121112335555555555543333345666544332233343332336511111122345445
       652211111112311146666645543354434554456667665444345555667755511112222324357
        6112221122114377776333323321122223465566675333454364565677663111211133215
         335644423116665665444454322343334336777775356331123434455533631112212223
          43721113227777675444444444443344446755654783233335445555551267821121124
           5621134217777767454444444444445556667764674444566555555571167621334114
            65211122677776765555554445556665666566766665555655555667157422366374
             7216631687777666555555555556667676667765666655556666678184333764
              76455147777766676555555555566556766787766666766766776775217754
               7667225776777666776665665566677666777875666665665667831536
               84453136777777666776555444766667767788886666777777776318
               86155134576777777655555555434446777655567888766777884536
                765713355677777777666665543211134212455777889987788169
                 673133345556667766653222111112321111135677888887863
                 741113344465576667321234444444443433222136778876736
                  3213323335456666633333344444445445667431168786653
             85233342622422444455665345554445544444565344436876653
            88874233243474333433654456555555544444456667545866644
           88778884223335565233354344455555434433444567777675543
          98998888875222376553233344355555544321111346677644534
         98899988888886217655443222223455555543322455676654334
        8999889988888788257654444322232333443344333444556434
      7988999889998898874455544433332222222334433333342334
   8988996899988999889987344444433333343321222122222123587
89999999996799988999889986334444433344444444444444567688798
899999989997699998899988998755443333444444445566788873679789
89999999989985899998999989998899998777788877777888884467967997
888999999889995699999999999998889965787777877788887834678688998
88889999999899965999999999889988855689877887888888774477766898898
888888999999899964899999999889735877878677887888877754877889867999997
8878888999999899964899998999875437856888788888888777458548568987999999997
78877889999999999955799998899889977787887777888887732767579668989999999999986
87887788999999989975667999889988999778778789888888522767899987789999999999999997
87788778899999999996599999989998999988876876888888733789999999878999999999999999996
888788778899999999999899999989998999999977885588887215799999999978999999999999999999
788888876889999999999889988998999899999997889887886213999999999999999999999999999999
778888886788998899888888888888888889888898788788783225999999999999999999999999999999
877887888578889888888887888888888888888889778877885216999899999999999999999999999999
887888788768888988887888688888878887888888877876788317989988989999999999999999999999
888788878877887888888788878888887887788888875887678637998988898989989999999999999999
788888888886787688888878877888888888688888887788678737997888898998998998989989999999
688888888887788768888888887888898788778888888788867757998788889898898898998998998999
388898887888678857887888888888889888878888888888877756989878889988888889889898898999
